<?xml version="1.0" encoding="UTF-8"?>
<document version="1.3.0">
  <chunk label="Done" enabled="1">
    <sensors next_id="1">
      <sensor id="0" label="ILCE-6000 (16 mm)" type="frame">
        <resolution width="6000" height="3376"/>
        <property name="pixel_width" value="0.00418971530846188"/>
        <property name="pixel_height" value="0.00418971530846188"/>
        <property name="focal_length" value="16"/>
        <property name="fixed" value="0"/>
        <property name="layer_index" value="0"/>
        <calibration type="frame" class="adjusted">
          <resolution width="6000" height="3376"/>
          <fx>3996.89117307882</fx>
          <fy>3996.89117307882</fy>
          <cx>2958.92603632625</cx>
          <cy>1647.9789300671</cy>
          <k1>-0.0471700934519985</k1>
          <k2>0.0355428085354366</k2>
          <p1>-0.0011401587743365</p1>
          <p2>-0.00109082358240297</p2>
        </calibration>
        <covariance>
          <params>f cx cy k1 k2 p1 p2</params>
          <coeffs>9.4115407125806039e-01 -4.7173357664145113e-03 -1.8450062550869006e-01 -3.8684636095601160e-07 3.1240902156006054e-05 -2.8379483204481841e-06 -2.2017813975666511e-05 -4.7173357664128043e-03 3.7744788212533809e-01 -3.9558339040370184e-02 -4.6083320298328735e-06 7.1171295244556393e-06 1.9564252991642288e-05 -2.1732299075758883e-06 -1.8450062550869087e-01 -3.9558339040370739e-02 9.4218761451917010e-01 8.0798832255295565e-08 -2.9890359744900517e-06 -5.7985265148601186e-07 4.9858275099199472e-05 -3.8684636095566781e-07 -4.6083320298328176e-06 8.0798832255202921e-08 5.9056404743320236e-09 -2.3056284769045808e-09 -6.8145789632090050e-11 2.5804451093664964e-10 3.1240902156006128e-05 7.1171295244555038e-06 -2.9890359744900466e-06 -2.3056284769045800e-09 4.4375910764023149e-09 2.8099562931625435e-10 -6.0879461157320776e-10 -2.8379483204481680e-06 1.9564252991642288e-05 -5.7985265148596125e-07 -6.8145789632088227e-11 2.8099562931625564e-10 1.1698310313569614e-09 6.7937526032152491e-12 -2.2017813975666586e-05 -2.1732299075758223e-06 4.9858275099199452e-05 2.5804451093664716e-10 -6.0879461157321055e-10 6.7937526032153170e-12 3.0948078814766994e-09</coeffs>
        </covariance>
      </sensor>
    </sensors>
    <cameras next_id="71" next_group_id="0">
      <camera id="0" label="DSC03511.JPG" sensor_id="0" enabled="1">
        <transform>9.9969366333936116e-01 1.1742496277347943e-02 -2.1787456489995326e-02 -5.4721450006682311e+00 1.0760628291450405e-02 -9.9894481051840689e-01 -4.4648341706242711e-02 1.1160526873847003e+01 -2.2288749581351727e-02 4.4400217561636396e-02 -9.9876515373864494e-01 -1.4390496082242121e+00 0.0000000000000000e+00 0.0000000000000000e+00 0.0000000000000000e+00 1.0000000000000000e+00</transform>
        <orientation>1</orientation>
      </camera>
      <camera id="1" label="DSC03512.JPG" sensor_id="0" enabled="1">
        <transform>9.9996006888650102e-01 3.1801990220383242e-03 -8.3514649423820919e-03 -5.3373976656142368e+00 2.5564546480685638e-03 -9.9727989616417068e-01 -7.3663242166044071e-02 1.0198106023302296e+01 -8.5630118612541502e-03 7.3638950569390307e-02 -9.9724820370201861e-01 -1.2664369889858607e+00 0.0000000000000000e+00 0.0000000000000000e+00 0.0000000000000000e+00 1.0000000000000000e+00</transform>
        <orientation>1</orientation>
      </camera>
      <camera id="2" label="DSC03513.JPG" sensor_id="0" enabled="1">
        <transform>9.9989592661196580e-01 -6.0207280930175515e-03 -1.3110559790810519e-02 -5.1789142598959010e+00 -6.9283679634520277e-03 -9.9750023746533611e-01 -7.0322641972276653e-02 8.8839045472554261e+00 -1.2654392998539279e-02 7.0406158039108643e-02 -9.9743813805569437e-01 -1.1333445895051890e+00 0.0000000000000000e+00 0.0000000000000000e+00 0.0000000000000000e+00 1.0000000000000000e+00</transform>
        <orientation>1</orientation>
      </camera>
      <camera id="3" label="DSC03514.JPG" sensor_id="0" enabled="1">
        <transform>9.9941057480759876e-01 -1.1538748951891994e-02 -3.2332031104912430e-02 -5.0435572667252302e+00 -1.3065965765723761e-02 -9.9878913548375359e-01 -4.7429351442171933e-02 6.6670768241874034e+00 -3.1745606016467039e-02 4.7823844599125795e-02 -9.9835118890418817e-01 -1.5041302219768362e+00 0.0000000000000000e+00 0.0000000000000000e+00 0.0000000000000000e+00 1.0000000000000000e+00</transform>
        <orientation>1</orientation>
      </camera>
      <camera id="4" label="DSC03515.JPG" sensor_id="0" enabled="1">
        <transform>9.9964157414060628e-01 -8.8839598720890957e-03 -2.5254672967219415e-02 -4.9443131382921939e+00 -9.9035808504048944e-03 -9.9912885670889995e-01 -4.0539447183034164e-02 5.0346712767186688e+00 -2.4872521706284345e-02 4.0775028492419638e-02 -9.9885872610465432e-01 -1.3934878851485932e+00 0.0000000000000000e+00 0.0000000000000000e+00 0.0000000000000000e+00 1.0000000000000000e+00</transform>
        <orientation>1</orientation>
      </camera>
      <camera id="5" label="DSC03516.JPG" sensor_id="0" enabled="1">
        <transform>9.9979424854425858e-01 6.0089625639821349e-05 -2.0284402063122060e-02 -4.9135315357461238e+00 -1.5642946765540029e-03 -9.9678921367842943e-01 -8.0055084014091241e-02 3.7213772596212751e+00 -2.0224083662465520e-02 8.0070343346180253e-02 -9.9658402884876618e-01 -1.2265583584357680e+00 0.0000000000000000e+00 0.0000000000000000e+00 0.0000000000000000e+00 1.0000000000000000e+00</transform>
        <orientation>1</orientation>
      </camera>
      <camera id="6" label="DSC03517.JPG" sensor_id="0" enabled="1">
        <transform>9.9863127932529006e-01 -3.4575154822482961e-02 -3.9244447022941005e-02 -4.7150471709016903e+00 -3.6288326955930032e-02 -9.9838038257160777e-01 -4.3815168867751622e-02 2.0376844663080353e+00 -3.7665969785399288e-02 4.5179313465029569e-02 -9.9826855322350705e-01 -1.1182175319960972e+00 0.0000000000000000e+00 0.0000000000000000e+00 0.0000000000000000e+00 1.0000000000000000e+00</transform>
        <orientation>1</orientation>
      </camera>
      <camera id="7" label="DSC03518.JPG" sensor_id="0" enabled="1">
        <transform>9.9850069254422846e-01 -4.4912771042942286e-02 -3.1292331104287252e-02 -4.7514177968200233e+00 -4.5761302037222125e-02 -9.9858882876237509e-01 -2.6949105863574470e-02 8.2566732307737556e-01 -3.0037813245211913e-02 2.8340678683338887e-02 -9.9914690396718620e-01 -8.6813988857259272e-01 0.0000000000000000e+00 0.0000000000000000e+00 0.0000000000000000e+00 1.0000000000000000e+00</transform>
        <orientation>1</orientation>
      </camera>
      <camera id="8" label="DSC03519.JPG" sensor_id="0" enabled="1">
        <transform>9.9706594320246578e-01 -7.6452847958166648e-02 3.8035437243542991e-03 -4.8664284893549263e+00 -7.6384519908114484e-02 -9.9695508403685407e-01 -1.5683288286454423e-02 -1.3424114088675132e+00 4.9909943081998852e-03 1.5346740766515536e-02 -9.9986977528259191e-01 -6.4568729999328045e-01 0.0000000000000000e+00 0.0000000000000000e+00 0.0000000000000000e+00 1.0000000000000000e+00</transform>
        <orientation>1</orientation>
      </camera>
      <camera id="9" label="DSC03520.JPG" sensor_id="0" enabled="1">
        <transform>9.9703944660014643e-01 -7.6510286507786601e-02 7.6497046851652052e-03 -4.8292721837545924e+00 -7.6539626062048255e-02 -9.9705997335391883e-01 3.6187259863771611e-03 -2.7459935282713226e+00 7.3503445875452789e-03 -4.1935180909426972e-03 -9.9996419277915416e-01 -2.4638856335376252e-01 0.0000000000000000e+00 0.0000000000000000e+00 0.0000000000000000e+00 1.0000000000000000e+00</transform>
        <orientation>1</orientation>
      </camera>
      <camera id="10" label="DSC03521.JPG" sensor_id="0" enabled="1">
        <transform>9.9834882567385064e-01 -2.6581150017425392e-02 -5.0922143900219811e-02 -4.3165542715206549e+00 -2.8880973233116211e-02 -9.9857063035575588e-01 -4.4973165065585782e-02 -3.9297558307279927e+00 -4.9653918886142241e-02 4.6369587605018942e-02 -9.9768950565022430e-01 9.8386463742561547e-02 0.0000000000000000e+00 0.0000000000000000e+00 0.0000000000000000e+00 1.0000000000000000e+00</transform>
        <orientation>1</orientation>
      </camera>
      <camera id="11" label="DSC03522.JPG" sensor_id="0" enabled="1">
        <transform>9.9935112703157236e-01 -2.3757690930571222e-02 -2.7072070891856523e-02 -2.9335000853131978e+00 -2.4367395019325437e-02 -9.9945166625907977e-01 -2.2418672394261832e-02 -3.9935730864192474e+00 -2.6524610472133330e-02 2.3063801369170210e-02 -9.9938206212924652e-01 1.4212690460433314e-01 0.0000000000000000e+00 0.0000000000000000e+00 0.0000000000000000e+00 1.0000000000000000e+00</transform>
        <orientation>1</orientation>
      </camera>
      <camera id="12" label="DSC03523.JPG" sensor_id="0" enabled="1">
        <transform>9.9958856875323465e-01 -2.8679898430787037e-02 3.9578259058675660e-04 -1.3852187155141644e+00 -2.8682629095448223e-02 -9.9949457942591624e-01 1.3707388021933607e-02 -3.7960263193692456e+00 2.4560577021671189e-06 -1.3713100459438085e-02 -9.9990597101415346e-01 2.2393650233659948e-01 0.0000000000000000e+00 0.0000000000000000e+00 0.0000000000000000e+00 1.0000000000000000e+00</transform>
        <orientation>1</orientation>
      </camera>
      <camera id="13" label="DSC03524.JPG" sensor_id="0" enabled="1">
        <transform>9.9879689280098494e-01 -1.9695924068089787e-02 4.4909214045690128e-02 -1.2321301934996186e-01 -1.8638080051054905e-02 -9.9954171162581351e-01 -2.3853483857699875e-02 -3.9670756417713533e+00 4.5358449081819803e-02 2.2987764033135554e-02 -9.9870625000630131e-01 2.5364560660405522e-01 0.0000000000000000e+00 0.0000000000000000e+00 0.0000000000000000e+00 1.0000000000000000e+00</transform>
        <orientation>1</orientation>
      </camera>
      <camera id="14" label="DSC03525.JPG" sensor_id="0" enabled="1">
        <transform>9.9849754595459261e-01 -1.8762006214598712e-02 5.1484345634957268e-02 1.4203624988621451e+00 -1.8223133817406326e-02 -9.9977435051602193e-01 -1.0916292600483803e-02 -4.0420728846987952e+00 5.1677539768542446e-02 9.9616852524979302e-03 -9.9861413804852617e-01 3.0500820939666096e-01 0.0000000000000000e+00 0.0000000000000000e+00 0.0000000000000000e+00 1.0000000000000000e+00</transform>
        <orientation>1</orientation>
      </camera>
      <camera id="15" label="DSC03526.JPG" sensor_id="0" enabled="1">
        <transform>9.9674736796257180e-01 -2.2364840531129051e-02 7.7424145895851906e-02 2.6984739994438400e+00 -2.4202262359700032e-02 -9.9944533017446091e-01 2.2875368612004125e-02 -3.9955255394324616e+00 7.6869597087257061e-02 -2.4674802947135848e-02 -9.9673578201204494e-01 5.2669351367179762e-01 0.0000000000000000e+00 0.0000000000000000e+00 0.0000000000000000e+00 1.0000000000000000e+00</transform>
        <orientation>1</orientation>
      </camera>
      <camera id="16" label="DSC03527.JPG" sensor_id="0" enabled="1">
        <transform>9.9526034979170963e-01 8.5384642609029233e-03 9.6870690926356848e-02 3.8094689607178993e+00 6.0901525946026767e-03 -9.9965520880085468e-01 2.5541604465930429e-02 -3.7309503336598149e+00 9.7055376841568772e-02 -2.4830588905317294e-02 -9.9496919333251532e-01 8.2564102788411076e-01 0.0000000000000000e+00 0.0000000000000000e+00 0.0000000000000000e+00 1.0000000000000000e+00</transform>
        <orientation>1</orientation>
      </camera>
      <camera id="17" label="DSC03528.JPG" sensor_id="0" enabled="1">
        <transform>9.9918378045942502e-01 4.4491320695054081e-03 -4.0149446953101506e-02 -3.2847162704410868e+00 3.8839473291457003e-03 -9.9989242444214055e-01 -1.4144062229880506e-02 2.1490886359980840e-01 -4.0208056654807811e-02 1.3976579232645191e-02 -9.9909357290145617e-01 5.3435826682490828e-01 0.0000000000000000e+00 0.0000000000000000e+00 0.0000000000000000e+00 1.0000000000000000e+00</transform>
        <orientation>1</orientation>
      </camera>
      <camera id="18" label="DSC03529.JPG" sensor_id="0" enabled="1">
        <transform>9.9997640538855370e-01 -8.6512375010675728e-04 -6.8147066762534857e-03 -2.4227823618437561e+00 -8.6134586857279302e-04 -9.9999947375694920e-01 5.5728728617565160e-04 1.6821091912722183e-01 -6.8151852125283574e-03 -5.5140431775754415e-04 -9.9997662432868761e-01 4.6106381895353210e-01 0.0000000000000000e+00 0.0000000000000000e+00 0.0000000000000000e+00 1.0000000000000000e+00</transform>
        <orientation>1</orientation>
      </camera>
      <camera id="19" label="DSC03530.JPG" sensor_id="0" enabled="1">
        <transform>9.9985830344893079e-01 -1.3321318879668196e-02 1.0291525034276872e-02 -1.3286075385674079e+00 -1.3278919554711397e-02 -9.9990310579725283e-01 -4.1772374205041613e-03 1.4304816826424294e-01 1.0346174156878243e-02 4.0399851873432202e-03 -9.9993831569752423e-01 5.2312811052502495e-01 0.0000000000000000e+00 0.0000000000000000e+00 0.0000000000000000e+00 1.0000000000000000e+00</transform>
        <orientation>1</orientation>
      </camera>
      <camera id="20" label="DSC03531.JPG" sensor_id="0" enabled="1">
        <transform>9.9904819914610066e-01 1.6985984174688624e-03 4.3586816198811537e-02 -2.5828314142741754e-01 2.6210587100737497e-03 -9.9977361076898674e-01 -2.1115332372019981e-02 -3.2846951534270395e-03 4.3541082142858525e-02 2.1209478384880204e-02 -9.9882647751872800e-01 4.8712284205945638e-01 0.0000000000000000e+00 0.0000000000000000e+00 0.0000000000000000e+00 1.0000000000000000e+00</transform>
        <orientation>1</orientation>
      </camera>
      <camera id="21" label="DSC03532.JPG" sensor_id="0" enabled="1">
        <transform>9.9776734743563700e-01 -6.5033917239016277e-03 6.6468235175444604e-02 7.8220807434446860e-01 -5.4906075742685431e-03 -9.9986620745540022e-01 -1.5408452784748785e-02 -1.7964887917201484e-03 6.6559549425443884e-02 1.5009100067623489e-02 -9.9766956117516281e-01 7.2398387835549805e-01 0.0000000000000000e+00 0.0000000000000000e+00 0.0000000000000000e+00 1.0000000000000000e+00</transform>
        <orientation>1</orientation>
      </camera>
      <camera id="22" label="DSC03533.JPG" sensor_id="0" enabled="1">
        <transform>9.9536881982437342e-01 2.1187087192886166e-02 9.3765771247912647e-02 1.8145042587616622e+00 2.7437003210269831e-02 -9.9745056604544269e-01 -6.5875482164957588e-02 -2.2812848971980312e-01 9.2131012022415595e-02 6.8143052704637774e-02 -9.9341250293713257e-01 8.6329968496358633e-01 0.0000000000000000e+00 0.0000000000000000e+00 0.0000000000000000e+00 1.0000000000000000e+00</transform>
        <orientation>1</orientation>
      </camera>
      <camera id="23" label="DSC03534.JPG" sensor_id="0" enabled="1">
        <transform>9.9945084792775163e-01 1.1216567561708919e-02 3.1179980574596162e-02 8.4729478526105613e+00 1.4754569000924107e-02 -9.9317877521218545e-01 -1.1566426916563376e-01 3.6268119381170596e+00 2.9669938828645135e-02 1.1606079906737170e-01 -9.9279886464970724e-01 -1.0622551063970480e+00 0.0000000000000000e+00 0.0000000000000000e+00 0.0000000000000000e+00 1.0000000000000000e+00</transform>
        <orientation>1</orientation>
      </camera>
      <camera id="24" label="DSC03535.JPG" sensor_id="0" enabled="1">
        <transform>9.9995127354102076e-01 8.7477081910808489e-03 -4.5747289640037632e-03 6.5950747355935455e+00 8.4286642803724915e-03 -9.9780786787513642e-01 -6.5638528509733313e-02 3.9329902728056214e+00 -5.1388872471743148e-03 6.5596771322055158e-02 -9.9783297972655860e-01 -7.0321331377352359e-01 0.0000000000000000e+00 0.0000000000000000e+00 0.0000000000000000e+00 1.0000000000000000e+00</transform>
        <orientation>1</orientation>
      </camera>
      <camera id="25" label="DSC03536.JPG" sensor_id="0" enabled="1">
        <transform>9.9991056467659811e-01 7.2863375744310985e-03 1.1214808642060654e-02 3.6102221308075531e+00 8.0389601342365467e-03 -9.9761205783529949e-01 -6.8597063942849409e-02 4.1020070270592557e+00 1.0688206963132794e-02 6.8681084341837881e-02 -9.9758141065556283e-01 -3.3480232009346894e-01 0.0000000000000000e+00 0.0000000000000000e+00 0.0000000000000000e+00 1.0000000000000000e+00</transform>
        <orientation>1</orientation>
      </camera>
      <camera id="26" label="DSC03537.JPG" sensor_id="0" enabled="1">
        <transform>9.9970304425388867e-01 -5.3819230931047876e-04 -2.4362546224591747e-02 1.7234833845826976e+00 -1.7029146190543239e-03 -9.9885487941611550e-01 -4.7812445538975248e-02 4.2374819098275394e+00 -2.4308915880955725e-02 4.7839734694660060e-02 -9.9855918021569312e-01 -3.1946749863301538e-01 0.0000000000000000e+00 0.0000000000000000e+00 0.0000000000000000e+00 1.0000000000000000e+00</transform>
        <orientation>1</orientation>
      </camera>
      <camera id="27" label="DSC03538.JPG" sensor_id="0" enabled="1">
        <transform>9.9812055467488392e-01 -8.4497465312280296e-03 -6.0695635090676069e-02 -3.6134875264660182e-01 -9.8362020939438254e-03 -9.9969664111576295e-01 -2.2580408991614127e-02 4.4435657742709180e+00 -6.0486423797986306e-02 2.3134984880467779e-02 -9.9790087935160721e-01 -2.6845290986644343e-01 0.0000000000000000e+00 0.0000000000000000e+00 0.0000000000000000e+00 1.0000000000000000e+00</transform>
        <orientation>1</orientation>
      </camera>
      <camera id="28" label="DSC03539.JPG" sensor_id="0" enabled="1">
        <transform>9.9171614833334865e-01 8.1595619554390639e-03 -1.2818932359429425e-01 -2.0108061301359021e+00 5.5221268893683312e-03 -9.9976597600968153e-01 -2.0916484600110398e-02 5.4182696078340360e+00 -1.2832999356925506e-01 2.0035337833545296e-02 -9.9152912109953217e-01 -1.7722875813213562e-02 0.0000000000000000e+00 0.0000000000000000e+00 0.0000000000000000e+00 1.0000000000000000e+00</transform>
        <orientation>1</orientation>
      </camera>
      <camera id="29" label="DSC03540.JPG" sensor_id="0" enabled="1">
        <transform>9.9233164644887251e-01 2.3788945944567930e-02 -1.2129299034534356e-01 -1.8511209713384476e+00 2.0693100312167277e-02 -9.9942875771257544e-01 -2.6719914980568468e-02 6.9709999313251547e+00 -1.2185934127320631e-01 2.4005089209262479e-02 -9.9225705169402323e-01 -1.1529918865125411e-02 0.0000000000000000e+00 0.0000000000000000e+00 0.0000000000000000e+00 1.0000000000000000e+00</transform>
        <orientation>1</orientation>
      </camera>
      <camera id="30" label="DSC03541.JPG" sensor_id="0" enabled="1">
        <transform>9.9823873229787274e-01 2.8991497176674218e-02 -5.1758346493975392e-02 -8.7392710174110322e-02 2.6686614627817341e-02 -9.9864481431573582e-01 -4.4680638312314239e-02 6.8455286757736076e+00 -5.2983562923249038e-02 4.3220688700486579e-02 -9.9765961837102224e-01 -1.5994321287671254e-01 0.0000000000000000e+00 0.0000000000000000e+00 0.0000000000000000e+00 1.0000000000000000e+00</transform>
        <orientation>1</orientation>
      </camera>
      <camera id="31" label="DSC03542.JPG" sensor_id="0" enabled="1">
        <transform>9.9979939657207195e-01 1.9647283060806531e-02 3.8924134478588676e-03 1.7579784552847286e+00 1.9784740601113873e-02 -9.9903730676999047e-01 -3.9153846823914845e-02 6.8251782524151530e+00 3.1193995363153000e-03 3.9223002818403574e-02 -9.9922561286049927e-01 -2.1932433725189823e-03 0.0000000000000000e+00 0.0000000000000000e+00 0.0000000000000000e+00 1.0000000000000000e+00</transform>
        <orientation>1</orientation>
      </camera>
      <camera id="32" label="DSC03543.JPG" sensor_id="0" enabled="1">
        <transform>9.9906843223030817e-01 9.1327469225395193e-03 4.2176541519214190e-02 3.3769761763940500e+00 1.0964883621116637e-02 -9.9899696376745006e-01 -4.3414717672597837e-02 6.7213939564908669e+00 4.1737741290689433e-02 4.3836734790183178e-02 -9.9816646990113156e-01 1.5328214260622948e-02 0.0000000000000000e+00 0.0000000000000000e+00 0.0000000000000000e+00 1.0000000000000000e+00</transform>
        <orientation>1</orientation>
      </camera>
      <camera id="33" label="DSC03544.JPG" sensor_id="0" enabled="1">
        <transform>9.9801665293525177e-01 8.5947370834987980e-03 6.2360973039099439e-02 5.4886922283142532e+00 1.0955535121259725e-02 -9.9923227354901989e-01 -3.7614355614094576e-02 6.7869528676847510e+00 6.1989811373520089e-02 3.8222951122620745e-02 -9.9734460909625078e-01 1.8201489953670358e-01 0.0000000000000000e+00 0.0000000000000000e+00 0.0000000000000000e+00 1.0000000000000000e+00</transform>
        <orientation>1</orientation>
      </camera>
      <camera id="34" label="DSC03545.JPG" sensor_id="0" enabled="1">
        <transform>9.9806358660689987e-01 1.9501296820703402e-02 5.9065865876000247e-02 7.1767462782110263e+00 2.2837751959517816e-02 -9.9814989379665953e-01 -5.6349149054382076e-02 6.3624882394832971e+00 5.7857706269833810e-02 5.7588965401613630e-02 -9.9666242875367050e-01 1.8461811881493158e-02 0.0000000000000000e+00 0.0000000000000000e+00 0.0000000000000000e+00 1.0000000000000000e+00</transform>
        <orientation>1</orientation>
      </camera>
      <camera id="35" label="DSC03546.JPG" sensor_id="0" enabled="1">
        <transform>9.9660748001259458e-01 2.8176097353745443e-02 7.7328121151739398e-02 7.7490532541352986e+00 3.2422919196938634e-02 -9.9800220689563690e-01 -5.4224988171387982e-02 4.9245443392011596e+00 7.5645787018806365e-02 5.6548232238953659e-02 -9.9553001578905431e-01 1.8992452303436905e-01 0.0000000000000000e+00 0.0000000000000000e+00 0.0000000000000000e+00 1.0000000000000000e+00</transform>
        <orientation>1</orientation>
      </camera>
      <camera id="36" label="DSC03547.JPG" sensor_id="0" enabled="1">
        <transform>9.9578606161091410e-01 2.4781890625787176e-02 8.8294832229506834e-02 6.5289295155439042e+00 3.1086614357021317e-02 -9.9700875811690148e-01 -7.0761279284730957e-02 4.0587162789957638e+00 8.6277122745505794e-02 7.3207883012728750e-02 -9.9357780971373932e-01 5.0590353668231158e-01 0.0000000000000000e+00 0.0000000000000000e+00 0.0000000000000000e+00 1.0000000000000000e+00</transform>
        <orientation>1</orientation>
      </camera>
      <camera id="37" label="DSC03548.JPG" sensor_id="0" enabled="1">
        <transform>9.9949128399428111e-01 2.4902637866932628e-02 -1.9925657999967414e-02 2.9914703234806641e+00 5.3311194075881755e-03 -7.4642392148540027e-01 -6.6544940348625992e-01 2.9124181596825540e+00 -3.1444433296297279e-02 6.6500465266163777e-01 -7.4617696262552169e-01 3.9888133900615275e-01 0.0000000000000000e+00 0.0000000000000000e+00 0.0000000000000000e+00 1.0000000000000000e+00</transform>
        <orientation>1</orientation>
      </camera>
    </cameras>
    <reference>LOCAL_CS["Local Coordinates (m)",LOCAL_DATUM["Local Datum",0],UNIT["metre",1,AUTHORITY["EPSG","9001"]]]</reference>
    <region>
      <center>3.0988089244146022e-01 1.8220044019776189e+00 -1.1568127443976714e+01</center>
      <size>3.0940938695271811e+01 2.5237961705525716e+01 4.3422082265218123e+00</size>
      <R>1.0000000000000000e+00 0.0000000000000000e+00 0.0000000000000000e+00 0.0000000000000000e+00 1.0000000000000000e+00 0.0000000000000000e+00 0.0000000000000000e+00 0.0000000000000000e+00 1.0000000000000000e+00</R>
    </region>
    <settings>
      <property name="accuracy_tiepoints" value="1"/>
      <property name="accuracy_cameras" value="10"/>
      <property name="accuracy_cameras_ypr" value="2"/>
      <property name="accuracy_markers" value="0.005"/>
      <property name="accuracy_scalebars" value="0.001"/>
      <property name="accuracy_projections" value="0.1"/>
    </settings>
  </chunk>
</document>
